04012024                      
 ZIP  ADDED DELETED           
09002                         
09003                         
09004                         
09005                         
09006                         
09008                         
09009                         
09010                         
09011                         
09012                         
09013                         
09014                         
09015                         
09016                         
09017                         
09018                         
09020                         
09021                         
09034                         
09044                         
09046                         
09049                         
09053                         
09060                         
09067                         
09068                         
09069                         
09079                         
09094                         
09095                         
09096                         
09101                         
09103                         
09104                         
09107                         
09112                         
09114                         
09116                         
09118                         
09123                         
09126                         
09128                         
09131                         
09136                         
09138                         
09140                         
09142                         
09154                         
09172                         
09173                         
09177                         
09180                         
09186                         
09204                         
09205                         
09211                         
09214                         
09216                         
09227                         
09240                         
09241                         
09242                         
09250                         
09261                         
09263                         
09264                         
09266                         
09305                         
09306                         
09307                         
09309                         
09315                         
09316                         
09319                         
09321                         
09330                         
09333                         
09343                         
09348                         
09357                         
09365                         
09366                         
09401                         
09403                         
09410                         
09421                         
09424                         
09447                         
09454                         
09456                         
09459                         
09461                         
09463                         
09464                         
09468                         
09469                         
09470                         
09494                         
09602                         
09603                         
09604                         
09605                         
09606                         
09608                         
09609                         
09610                         
09613                         
09618                         
09620                         
09621                         
09622                         
09623                         
09625                         
09627                         
09630                         
09633                         
09634                         
09636                         
09643                         
09645                         
09647                         
09649                         
09702                         
09704                         
09705                         
09706                         
09708                         
09712                         
09714                         
09717                         
09719                         
09720                         
09722                         
09724                         
09725                         
09729                         
09732                         
09733                         
09735                         
09743                         
09745                         
09749                         
09751                         
09752                         
09753                         
09754                         
09755                         
09761                         
09780                         
09801                         
09803                         
09804                         
09805                         
09810                         
09818                         
09821                         
09822                         
09824                         
09829                         
09834                         
09835                         
09837                         
09838                         
09848                         
09853                         
09855                         
09858                         
09859                         
09877                         
09898                         
09902                         
09903                         
09904                         
09908                         
09909                         
34007                         
34009                         
34010                         
34042                         
34058                         
34078                         
96201                         
96202                         
96203                         
96204                         
96205                         
96206                         
96207                         
96208                         
96212                         
96213                         
96214                         
96215                         
96218                         
96224                         
96251                         
96257                         
96258                         
96260                         
96262                         
96264                         
96266                         
96269                         
96271                         
96273                         
96275                         
96276                         
96278                         
96283                         
96284                         
96297                         
96301                         
96306                         
96310                         
96311                         
96315                         
96319                         
96321                         
96322                         
96326                         
96328                         
96331                         
96336                         
96337                         
96338                         
96339                         
96343                         
96346                         
96347                         
96349                         
96350                         
96351                         
96362                         
96365                         
96367                         
96368                         
96370                         
96371                         
96372                         
96373                         
96374                         
96375                         
96376                         
96377                         
96378                         
96379                         
96380                         
96382                         
96384                         
96385                         
96386                         
96387                         
96388                         
96389                         
96401                         
96502                         
96506                         
96511                         
96516                         
96517                         
96531                         
96534                         
96537                         
96540                         
96542                         
96543                         
96548                         
96550                         
96552                         
96553                         
96555                         
96557                         
96577                         
96578                         
96595                         
96598                         
96599                         
